             precision    recall  f1-score   support

          0   0.804878  0.750000  0.776471        44
          1   0.609756  0.781250  0.684932        32
          2   0.340909  0.365854  0.352941        41
          3   0.581818  0.914286  0.711111        35
          4   0.750000  0.774194  0.761905        31
          5   0.836735  0.953488  0.891304        43
          6   0.871795  0.790698  0.829268        43
          7   0.526316  0.571429  0.547945        35
          8   0.973684  1.000000  0.986667        37
          9   0.862745  0.916667  0.888889        48
         10   0.795455  0.921053  0.853659        38
         11   1.000000  1.000000  1.000000        40
         12   0.421053  0.421053  0.421053        38
         13   0.704545  0.939394  0.805195        33
         14   0.520000  0.433333  0.472727        30
         15   0.863636  0.883721  0.873563        43
         16   0.785714  0.673469  0.725275        49
         17   0.500000  0.324324  0.393443        37
         18   0.848485  1.000000  0.918033        28
         19   0.400000  0.388889  0.394366        36
         20   0.777778  0.636364  0.700000        33
         21   0.717391  0.846154  0.776471        39
         22   0.428571  0.583333  0.494118        36
         23   0.611111  0.448980  0.517647        49
         24   0.744186  0.969697  0.842105        33
         25   0.897959  0.977778  0.936170        45
         26   0.976190  0.911111  0.942529        45
         27   0.870968  0.794118  0.830769        34
         28   0.621622  0.575000  0.597403        40
         29   0.560976  0.638889  0.597403        36
         30   0.673913  0.837838  0.746988        37
         31   0.911765  0.837838  0.873239        37
         32   0.631579  0.615385  0.623377        39
         33   0.425000  0.515152  0.465753        33
         34   0.576923  0.454545  0.508475        33
         35   0.767442  0.733333  0.750000        45
         36   0.535714  0.535714  0.535714        28
         37   0.133333  0.117647  0.125000        34
         38   0.500000  0.585366  0.539326        41
         39   0.365854  0.405405  0.384615        37
         40   1.000000  0.914286  0.955224        35
         41   0.842105  0.979592  0.905660        49
         42   0.558824  0.558824  0.558824        34
         43   0.900000  0.978261  0.937500        46
         44   0.297297  0.354839  0.323529        31
         45   0.603774  0.800000  0.688172        40
         46   0.653846  0.459459  0.539683        37
         47   0.142857  0.026316  0.044444        38
         48   0.727273  0.888889  0.800000        36
         49   0.892857  0.735294  0.806452        34
         50   0.696970  0.589744  0.638889        39
         51   0.393939  0.351351  0.371429        37
         52   0.864865  0.969697  0.914286        33
         53   0.833333  0.666667  0.740741        45
         54   0.676471  0.676471  0.676471        34
         55   0.170732  0.200000  0.184211        35
         56   0.647059  0.891892  0.750000        37
         57   0.423077  0.333333  0.372881        33
         58   1.000000  0.795455  0.886076        44
         59   0.837209  0.878049  0.857143        41
         60   0.939394  0.632653  0.756098        49
         61   0.836364  0.958333  0.893204        48
         62   1.000000  0.813953  0.897436        43
         63   1.000000  0.821429  0.901961        28
         64   1.000000  0.954545  0.976744        44
         65   0.720000  0.580645  0.642857        31
         66   1.000000  0.750000  0.857143        28
         67   0.761905  0.800000  0.780488        40
         68   0.923077  0.685714  0.786885        35
         69   0.416667  0.357143  0.384615        28
         70   0.894737  0.871795  0.883117        39
         71   0.571429  0.266667  0.363636        30
         72   0.928571  0.928571  0.928571        28
         73   0.972973  0.878049  0.923077        41
         74   0.536585  0.647059  0.586667        34
         75   0.894737  0.944444  0.918919        36
         76   0.702128  0.767442  0.733333        43
         77   0.547170  0.674419  0.604167        43
         78   0.525000  0.456522  0.488372        46
         79   0.685714  0.750000  0.716418        32
         80   0.729730  0.675000  0.701299        40
         81   0.870968  0.964286  0.915254        28
         82   0.736842  0.903226  0.811594        31
         83   0.352941  0.307692  0.328767        39
         84   0.829268  0.829268  0.829268        41
         85   0.731707  0.937500  0.821918        32
         86   0.868421  0.970588  0.916667        34
         87   0.911765  0.939394  0.925373        33
         88   0.727273  0.571429  0.640000        42
         89   0.958333  0.589744  0.730159        39
         90   0.620690  0.642857  0.631579        28
         91   0.647059  0.673469  0.660000        49
         92   0.586957  0.710526  0.642857        38
         93   0.549020  0.875000  0.674699        32
         94   0.916667  0.767442  0.835443        43
         95   0.931034  0.964286  0.947368        28
         96   0.695652  0.914286  0.790123        35
         97   0.696970  0.638889  0.666667        36
         98   0.777778  0.400000  0.528302        35
         99   0.716667  0.955556  0.819048        45
        100   0.518519  0.388889  0.444444        36

avg / total   0.710219  0.707375  0.701409      3783

Run time: 50.6033730507