             precision    recall  f1-score   support

          0   0.823529  0.636364  0.717949        44
          1   0.677419  0.656250  0.666667        32
          2   0.274510  0.341463  0.304348        41
          3   0.326531  0.457143  0.380952        35
          4   0.388889  0.451613  0.417910        31
          5   0.785714  0.767442  0.776471        43
          6   0.422222  0.441860  0.431818        43
          7   0.309524  0.371429  0.337662        35
          8   0.850000  0.918919  0.883117        37
          9   0.847826  0.812500  0.829787        48
         10   0.531915  0.657895  0.588235        38
         11   0.825000  0.825000  0.825000        40
         12   0.281250  0.236842  0.257143        38
         13   0.368421  0.424242  0.394366        33
         14   0.640000  0.533333  0.581818        30
         15   0.609756  0.581395  0.595238        43
         16   0.476190  0.408163  0.439560        49
         17   0.710526  0.729730  0.720000        37
         18   0.684211  0.928571  0.787879        28
         19   0.194444  0.194444  0.194444        36
         20   0.685714  0.727273  0.705882        33
         21   0.473684  0.461538  0.467532        39
         22   0.148936  0.194444  0.168675        36
         23   0.318182  0.285714  0.301075        49
         24   0.372093  0.484848  0.421053        33
         25   0.673469  0.733333  0.702128        45
         26   0.456140  0.577778  0.509804        45
         27   0.633333  0.558824  0.593750        34
         28   0.232558  0.250000  0.240964        40
         29   0.300000  0.416667  0.348837        36
         30   0.520833  0.675676  0.588235        37
         31   0.634146  0.702703  0.666667        37
         32   0.511628  0.564103  0.536585        39
         33   0.166667  0.090909  0.117647        33
         34   0.076923  0.030303  0.043478        33
         35   0.469388  0.511111  0.489362        45
         36   0.500000  0.535714  0.517241        28
         37   0.190476  0.117647  0.145455        34
         38   0.500000  0.609756  0.549451        41
         39   0.275862  0.216216  0.242424        37
         40   0.827586  0.685714  0.750000        35
         41   0.656716  0.897959  0.758621        49
         42   0.833333  0.588235  0.689655        34
         43   0.620690  0.782609  0.692308        46
         44   0.444444  0.258065  0.326531        31
         45   0.568182  0.625000  0.595238        40
         46   0.935484  0.783784  0.852941        37
         47   0.730769  0.500000  0.593750        38
         48   0.421053  0.444444  0.432432        36
         49   0.558140  0.705882  0.623377        34
         50   0.545455  0.461538  0.500000        39
         51   0.529412  0.243243  0.333333        37
         52   0.648649  0.727273  0.685714        33
         53   0.580645  0.400000  0.473684        45
         54   0.100000  0.058824  0.074074        34
         55   0.214286  0.171429  0.190476        35
         56   0.488889  0.594595  0.536585        37
         57   0.111111  0.060606  0.078431        33
         58   0.548387  0.386364  0.453333        44
         59   0.617021  0.707317  0.659091        41
         60   0.659574  0.632653  0.645833        49
         61   0.547170  0.604167  0.574257        48
         62   0.645833  0.720930  0.681319        43
         63   0.448276  0.464286  0.456140        28
         64   0.765957  0.818182  0.791209        44
         65   0.395349  0.548387  0.459459        31
         66   0.285714  0.285714  0.285714        28
         67   0.292683  0.300000  0.296296        40
         68   0.783784  0.828571  0.805556        35
         69   0.625000  0.357143  0.454545        28
         70   0.509804  0.666667  0.577778        39
         71   0.653846  0.566667  0.607143        30
         72   0.562500  0.642857  0.600000        28
         73   0.438596  0.609756  0.510204        41
         74   0.282051  0.323529  0.301370        34
         75   0.500000  0.583333  0.538462        36
         76   0.617021  0.674419  0.644444        43
         77   0.384615  0.465116  0.421053        43
         78   0.421053  0.347826  0.380952        46
         79   0.687500  0.343750  0.458333        32
         80   0.269231  0.175000  0.212121        40
         81   0.566667  0.607143  0.586207        28
         82   0.526316  0.645161  0.579710        31
         83   0.450980  0.589744  0.511111        39
         84   0.547170  0.707317  0.617021        41
         85   0.459459  0.531250  0.492754        32
         86   0.705882  0.705882  0.705882        34
         87   0.583333  0.848485  0.691358        33
         88   0.520000  0.309524  0.388060        42
         89   0.516129  0.410256  0.457143        39
         90   0.400000  0.428571  0.413793        28
         91   0.473684  0.367347  0.413793        49
         92   0.536585  0.578947  0.556962        38
         93   0.500000  0.468750  0.483871        32
         94   0.700000  0.162791  0.264151        43
         95   0.615385  0.571429  0.592593        28
         96   0.479167  0.657143  0.554217        35
         97   0.266667  0.222222  0.242424        36
         98   0.595238  0.714286  0.649351        35
         99   0.580000  0.644444  0.610526        45
        100   0.150000  0.083333  0.107143        36

avg / total   0.510359  0.513085  0.503241      3783

Run time: 435.888744831