             precision    recall  f1-score   support

          0   0.829268  0.772727  0.800000        44
          1   0.500000  0.718750  0.589744        32
          2   0.190476  0.097561  0.129032        41
          3   0.545455  0.514286  0.529412        35
          4   0.516129  0.516129  0.516129        31
          5   0.828571  0.674419  0.743590        43
          6   0.512821  0.465116  0.487805        43
          7   0.305085  0.514286  0.382979        35
          8   0.820513  0.864865  0.842105        37
          9   0.803922  0.854167  0.828283        48
         10   0.677419  0.552632  0.608696        38
         11   0.853659  0.875000  0.864198        40
         12   0.200000  0.184211  0.191781        38
         13   0.297872  0.424242  0.350000        33
         14   0.842105  0.533333  0.653061        30
         15   0.700000  0.651163  0.674699        43
         16   0.656250  0.428571  0.518519        49
         17   0.600000  0.729730  0.658537        37
         18   0.600000  0.857143  0.705882        28
         19   0.192308  0.138889  0.161290        36
         20   0.750000  0.818182  0.782609        33
         21   0.433962  0.589744  0.500000        39
         22   0.317073  0.361111  0.337662        36
         23   0.384615  0.306122  0.340909        49
         24   0.405405  0.454545  0.428571        33
         25   0.609375  0.866667  0.715596        45
         26   0.525000  0.466667  0.494118        45
         27   0.680000  0.500000  0.576271        34
         28   0.263158  0.375000  0.309278        40
         29   0.317073  0.361111  0.337662        36
         30   0.465116  0.540541  0.500000        37
         31   0.781250  0.675676  0.724638        37
         32   0.488889  0.564103  0.523810        39
         33   0.162791  0.212121  0.184211        33
         34   0.000000  0.000000  0.000000        33
         35   0.487805  0.444444  0.465116        45
         36   0.576923  0.535714  0.555556        28
         37   0.333333  0.294118  0.312500        34
         38   0.545455  0.585366  0.564706        41
         39   0.151515  0.135135  0.142857        37
         40   0.958333  0.657143  0.779661        35
         41   0.843137  0.877551  0.860000        49
         42   0.655172  0.558824  0.603175        34
         43   0.576271  0.739130  0.647619        46
         44   0.555556  0.161290  0.250000        31
         45   0.596154  0.775000  0.673913        40
         46   0.825000  0.891892  0.857143        37
         47   0.781250  0.657895  0.714286        38
         48   0.379310  0.305556  0.338462        36
         49   0.634146  0.764706  0.693333        34
         50   0.538462  0.358974  0.430769        39
         51   0.531250  0.459459  0.492754        37
         52   0.628571  0.666667  0.647059        33
         53   0.547619  0.511111  0.528736        45
         54   0.076923  0.058824  0.066667        34
         55   0.228571  0.228571  0.228571        35
         56   0.658537  0.729730  0.692308        37
         57   0.090909  0.060606  0.072727        33
         58   0.718750  0.522727  0.605263        44
         59   0.733333  0.536585  0.619718        41
         60   0.710526  0.551020  0.620690        49
         61   0.588235  0.625000  0.606061        48
         62   0.555556  0.813953  0.660377        43
         63   0.617647  0.750000  0.677419        28
         64   0.853659  0.795455  0.823529        44
         65   0.448980  0.709677  0.550000        31
         66   0.363636  0.428571  0.393443        28
         67   0.400000  0.300000  0.342857        40
         68   0.627907  0.771429  0.692308        35
         69   0.791667  0.678571  0.730769        28
         70   0.586957  0.692308  0.635294        39
         71   0.615385  0.533333  0.571429        30
         72   0.468750  0.535714  0.500000        28
         73   0.422222  0.463415  0.441860        41
         74   0.437500  0.411765  0.424242        34
         75   0.512195  0.583333  0.545455        36
         76   0.583333  0.651163  0.615385        43
         77   0.442308  0.534884  0.484211        43
         78   0.421053  0.521739  0.466019        46
         79   0.555556  0.468750  0.508475        32
         80   0.391304  0.225000  0.285714        40
         81   0.500000  0.642857  0.562500        28
         82   0.535714  0.483871  0.508475        31
         83   0.465116  0.512821  0.487805        39
         84   0.688889  0.756098  0.720930        41
         85   0.689655  0.625000  0.655738        32
         86   0.774194  0.705882  0.738462        34
         87   0.634615  1.000000  0.776471        33
         88   0.576923  0.357143  0.441176        42
         89   0.406250  0.333333  0.366197        39
         90   0.238095  0.178571  0.204082        28
         91   0.433333  0.530612  0.477064        49
         92   0.600000  0.631579  0.615385        38
         93   0.441176  0.468750  0.454545        32
         94   0.709677  0.511628  0.594595        43
         95   0.652174  0.535714  0.588235        28
         96   0.522727  0.657143  0.582278        35
         97   0.416667  0.416667  0.416667        36
         98   0.652174  0.428571  0.517241        35
         99   0.589286  0.733333  0.653465        45
        100   0.354839  0.305556  0.328358        36

avg / total   0.539820  0.537404  0.530777      3783

Run time: 429.59503603